0.073415
0.072847
0.064009
0.062698
0.063447
0.061293
0.071204
0.063338
0.071584
0.064090
0.067378
0.074290
0.068007
0.064129
0.060700
0.057961
0.071954
0.071820
0.063024
0.065211
0.065745
0.069813
0.060656
0.054037
0.066133
0.061544
0.069156
0.064720
0.063720
0.075132
0.076098
0.068647
0.066876
0.060681
0.084421
0.063346
0.066968
0.069576
0.055617
0.063182
0.059044
0.069189
0.058497
0.058274
0.062752
0.061239
0.067010
0.062470
0.059282
0.065633
0.057413
0.060067
0.068185
0.061377
0.070682
0.060473
0.065841
0.060893
0.055222
0.067491
0.058896
0.078679
0.060356
0.062791
0.069887
0.056859
0.058716
0.060494
0.063817
0.062558
0.060856
0.055481
0.068954
0.066070
0.075434
0.060011
0.072552
0.066011
0.066699
0.083159
0.063194
0.070382
0.064100
0.081892
0.062707
0.066471
0.059181
0.066899
0.068107
0.067522
0.069807
0.073616
0.056218
0.054782
0.064469
0.073927
0.058817
0.070075
0.063655
0.073121
