0.737571
1.161415
0.663425
0.278120
0.403431
0.255059
0.285933
0.494571
0.086329
4.482746
5.762871
0.144214
1.369808
0.454384
0.235224
0.246444
0.432705
0.188428
0.090752
0.328706
0.115700
0.084467
0.099568
0.087141
0.283478
0.140170
1.405278
0.107541
0.196240
3.777722
0.308007
0.183333
1.054440
0.079175
0.084515
0.300792
1.445263
0.097931
1.954088
0.070996
0.385654
0.125589
0.821734
0.170673
0.868928
0.126011
0.516610
0.265085
0.229485
0.082744
0.120509
0.887839
0.482084
0.076747
0.479184
0.430182
0.456459
0.135299
0.321203
0.074318
0.108106
0.112084
0.653536
0.399019
1.326190
0.072515
0.099386
1.308759
0.821658
1.071038
0.069537
0.369843
0.282156
0.197414
0.160372
0.751743
0.075179
0.127685
0.223826
0.083311
0.091429
0.648314
0.145187
0.211205
0.281161
0.593203
0.213500
0.644210
0.221813
0.074880
0.138245
0.110458
0.069482
0.827069
0.653435
0.732884
1.381929
0.061361
0.061332
0.329177
