1403638532.027829 -0.2275974 0.0904984 -0.1343690 -0.8361562 -0.0307040 0.0065216 0.5475923
1403638534.027829 -0.2275396 0.0903398 -0.1342527 -0.8362001 -0.0305717 0.0063602 0.5475348
1403638535.277829 -0.2274853 0.0904932 -0.1342363 -0.8363385 -0.0304820 0.0065663 0.5473259
1403638536.777829 -0.2274490 0.0903094 -0.1341441 -0.8363634 -0.0303053 0.0067266 0.5472957
1403638538.877830 -0.2283567 0.0922347 -0.1326834 -0.8344507 -0.0307503 0.0079987 0.5501660
1403638538.927830 -0.2286451 0.0945166 -0.1321573 -0.8322859 -0.0310779 0.0078058 0.5534197
1403638538.977829 -0.2292143 0.0969988 -0.1309654 -0.8296089 -0.0308814 0.0080343 0.5574324
1403638539.077830 -0.2300863 0.1025311 -0.1277450 -0.8241853 -0.0287154 0.0073123 0.5655447
1403638539.127830 -0.2309153 0.1063205 -0.1242544 -0.8212049 -0.0277290 0.0085238 0.5698956
1403638539.177830 -0.2318715 0.1105198 -0.1194802 -0.8189958 -0.0276295 0.0088096 0.5730664
1403638539.577830 -0.2385542 0.1449692 -0.0162094 -0.8188770 -0.0312841 0.0101150 0.5730264
1403638542.327830 -1.0620458 1.0885011 0.3044319 -0.7695894 -0.2943885 0.1842850 0.5358233
1403638542.627830 -1.2762105 1.1764537 0.3194557 -0.7307274 -0.3446030 0.1955269 0.5559276
1403638543.077830 -1.6283176 1.2000337 0.4207265 -0.7472829 -0.3402980 0.2171342 0.5278431
1403638544.327830 -2.7213840 1.1190206 0.6162338 -0.6907824 -0.4471794 0.2989065 0.4832239
1403638544.427830 -2.8180234 1.1141479 0.6265125 -0.6912610 -0.4484579 0.2997593 0.4808202
1403638545.977829 -4.2675185 1.0753686 0.6564989 -0.6337214 -0.5235614 0.3498692 0.4493022
1403638546.127830 -4.3985348 1.0687268 0.6816373 -0.6141159 -0.5475125 0.3591384 0.4405807
1403638546.277829 -4.5335503 1.0596417 0.6941547 -0.6042229 -0.5591266 0.3680403 0.4322482
1403638546.727829 -4.9560094 1.0212603 0.6866083 -0.5916244 -0.5728837 0.3825518 0.4188545
1403638547.027829 -5.2556391 0.9843823 0.7332740 -0.5799867 -0.5854403 0.3818324 0.4184247
1403638548.527829 -6.9058528 0.4456392 0.6757684 -0.5449576 -0.6224485 0.4104115 0.3835903
1403638548.827830 -7.2692180 0.2899033 0.7086067 -0.5289314 -0.6356970 0.4208842 0.3727967
1403638549.127830 -7.6421137 0.1292369 0.7795753 -0.5268924 -0.6371817 0.4239365 0.3696779
1403638549.277829 -7.8308682 0.0474447 0.8340645 -0.5274467 -0.6360179 0.4249331 0.3697475
1403638550.477829 -9.4350424 -0.5514087 1.3741264 -0.5327577 -0.6288117 0.4323934 0.3657882
1403638550.927830 -10.0649958 -0.7108228 1.5772753 -0.5268217 -0.6136127 0.4530025 0.3751361
1403638551.077830 -10.2635841 -0.7469659 1.6272192 -0.5231884 -0.6081845 0.4600646 0.3804287
1403638551.227829 -10.4454336 -0.7716435 1.6809654 -0.5243775 -0.6051034 0.4651546 0.3775043
1403638553.627830 -11.8867569 0.7491378 2.2303209 -0.5855386 -0.5253097 0.4060620 0.4650893
1403638556.427830 -10.1637964 3.0837600 2.6456661 -0.6476123 -0.5174946 0.3499537 0.4362684
1403638558.227829 -9.6681614 5.0356574 2.8998823 -0.6499689 -0.5212660 0.3417583 0.4347682
1403638560.627830 -10.6214075 7.5782423 2.9016228 -0.7116379 -0.3782280 0.2813706 0.5209085
1403638563.377830 -9.7768040 9.0968304 2.6616259 -0.7976350 -0.0188317 0.0479059 0.6009399
1403638563.777829 -9.4092360 9.1039915 2.5959892 -0.7990443 -0.0126450 0.0442822 0.5995060
1403638564.227829 -8.8812122 8.9982281 2.6100092 -0.7965464 -0.0244604 0.0571325 0.6013747
1403638564.377830 -8.6769152 8.9415197 2.6122122 -0.7935905 -0.0319261 0.0569547 0.6049387
1403638564.827830 -7.9899640 8.6912546 2.6548548 -0.7967367 -0.0300600 0.0684911 0.5996801
1403638564.977829 -7.7354708 8.5868311 2.6308432 -0.7960857 -0.0269999 0.0715884 0.6003279
1403638565.127830 -7.4677582 8.4752998 2.5674572 -0.7968934 -0.0261584 0.0728487 0.5991408
1403638565.427830 -6.8913846 8.2397099 2.3824015 -0.7990294 -0.0290632 0.0675507 0.5967783
1403638566.127830 -5.4417648 7.5678697 2.0940552 -0.8013303 -0.0439828 0.0276818 0.5959606
1403638566.277829 -5.1429052 7.4007683 1.9991302 -0.8008778 -0.0442016 0.0276728 0.5965527
1403638566.477829 -4.7586541 7.1688871 1.9408150 -0.8043841 -0.0448236 0.0302441 0.5916440
1403638566.677830 -4.3787727 6.9305592 1.7860441 -0.8162995 -0.0501243 0.0301568 0.5746592
1403638566.777829 -4.1934233 6.8146062 1.6975937 -0.8276469 -0.0533864 0.0292585 0.5579377
1403638567.027829 -3.7458735 6.5570402 1.4536843 -0.8368535 -0.0595715 0.0296213 0.5433692
1403638567.777829 -2.5887661 5.8991637 1.0598688 -0.8274995 -0.0570437 0.0158444 0.5583365
1403638568.627830 -1.5848695 5.3550305 0.7086062 -0.8357900 -0.0583761 0.0087564 0.5458668
1403638569.227829 -1.1253614 5.1124821 0.5566087 -0.8364036 -0.0641006 0.0055065 0.5443252
1403638569.677830 -0.9578680 5.0369911 0.3212724 -0.8273717 -0.0646797 0.0046234 0.5578989
1403638570.177830 -0.9322010 4.9960642 0.2411451 -0.8204115 -0.0611002 0.0119178 0.5683747
1403638570.577830 -0.9666520 4.9870868 0.1478515 -0.8218862 -0.0066783 0.0374848 0.5683780
1403638572.127830 0.1138030 4.6123018 -0.2703443 -0.7855693 0.2387569 -0.1316815 0.5554603
1403638572.577830 0.6591983 4.3752356 -0.2887712 -0.7713207 0.3032902 -0.1968040 0.5237821
1403638572.877830 1.0508155 4.2361188 -0.2815347 -0.7733854 0.3071838 -0.2157208 0.5108596
1403638573.027829 1.2518606 4.1832738 -0.2570996 -0.7763039 0.3054895 -0.2164592 0.5071232
1403638573.477829 1.8706596 4.1020269 -0.2174211 -0.7806221 0.3001228 -0.2154814 0.5041063
1403638574.277829 3.0050800 4.2412524 -0.0457735 -0.6998013 0.4011117 -0.2710921 0.5252587
1403638574.477829 3.2710621 4.2583203 -0.0426974 -0.6789717 0.4412645 -0.2990429 0.5048332
1403638574.877830 3.7728395 4.2313123 0.0058484 -0.6668261 0.4703470 -0.3368821 0.4697095
1403638574.977829 3.8919065 4.2209101 0.0215383 -0.6696302 0.4732287 -0.3361173 0.4633304
1403638575.077830 4.0099373 4.2111239 0.0319157 -0.6689859 0.4787227 -0.3284366 0.4641249
1403638575.277829 4.2478118 4.1874342 0.0377498 -0.6655852 0.4833997 -0.3184117 0.4710999
1403638575.777829 4.8799887 4.0893188 0.0148706 -0.6905589 0.4680027 -0.3199243 0.4491665
1403638575.877830 5.0166178 4.0723367 0.0285993 -0.6944916 0.4654205 -0.3203443 0.4454715
1403638576.477829 5.9005365 4.0628653 0.2046537 -0.6968497 0.4542725 -0.3345184 0.4428707
1403638576.677830 6.2101278 4.1010671 0.2348633 -0.7016535 0.4484110 -0.3431897 0.4345466
1403638577.077830 6.8174934 4.2739258 0.2519903 -0.6839351 0.4504041 -0.3418698 0.4609708
1403638577.177830 6.9617672 4.3287392 0.2587872 -0.6813816 0.4529210 -0.3386802 0.4646261
1403638577.277829 7.1039386 4.3857641 0.2708120 -0.6818504 0.4526394 -0.3391496 0.4638698
1403638577.477829 7.3832917 4.5078173 0.3151646 -0.6874100 0.4437007 -0.3510863 0.4553414
1403638577.577830 7.5180516 4.5766435 0.3384790 -0.6876096 0.4455366 -0.3481409 0.4555087
1403638577.777829 7.7783289 4.7250099 0.3654881 -0.6865864 0.4494636 -0.3417108 0.4580561
1403638578.077830 8.1551914 4.9728251 0.3775539 -0.6863673 0.4478668 -0.3407341 0.4606688
1403638578.477829 8.6427822 5.3338213 0.4455147 -0.6772058 0.4592094 -0.3239869 0.4749227
1403638578.577830 8.7625313 5.4189973 0.4522171 -0.6767505 0.4599771 -0.3239334 0.4748653
1403638578.777829 8.9985199 5.5813222 0.4541225 -0.6785976 0.4551267 -0.3319949 0.4713220
1403638579.177830 9.4477949 5.9123321 0.4658880 -0.6826128 0.4469666 -0.3408848 0.4669671
1403638579.477829 9.7572975 6.1787891 0.5276518 -0.6754429 0.4567077 -0.3258612 0.4785493
1403638579.877830 10.1266937 6.5102439 0.5451736 -0.6980940 0.3993362 -0.3116102 0.5060579
1403638579.977829 10.2032251 6.5887575 0.5359030 -0.7155097 0.3725133 -0.2938594 0.5127636
1403638580.327830 10.4115896 6.8454275 0.4823914 -0.7574340 0.2477124 -0.2124987 0.5654880
1403638580.727829 10.5781231 7.0640402 0.3739414 -0.7928771 0.1802531 -0.1311158 0.5671539
1403638580.977829 10.6771688 7.1692953 0.3441324 -0.8036126 0.1571688 -0.1168617 0.5620037
1403638581.427830 10.8514061 7.3509159 0.3867865 -0.8022215 0.1549967 -0.1266312 0.5624778
1403638581.877830 10.9839077 7.5217872 0.4445629 -0.7899152 0.1606345 -0.1396062 0.5751005
1403638583.527829 10.8865557 7.8462272 1.0052080 -0.8014152 0.1658202 -0.1414282 0.5569879
1403638585.027829 10.1207705 7.9478750 1.2872734 -0.7972466 0.1653211 -0.1393239 0.5636095
1403638585.277829 9.9245663 7.9063635 1.2970858 -0.7954849 0.1664996 -0.1384097 0.5659720
1403638585.427830 9.8048820 7.8803511 1.2882643 -0.7934467 0.1661544 -0.1385886 0.5688835
1403638586.327830 9.1049900 7.8019180 1.4444942 -0.7959051 0.1691429 -0.1391827 0.5644060
1403638586.577830 8.9172602 7.7973757 1.4655285 -0.7912851 0.1610167 -0.1525708 0.5697927
1403638586.977829 8.5837240 7.7782049 1.4266481 -0.7912024 0.1668028 -0.1436040 0.5705730
1403638587.477829 8.1363850 7.7281184 1.3864679 -0.7959073 0.1691284 -0.1398742 0.5642362
1403638588.827830 6.8846717 7.5713186 1.2500715 -0.7925354 0.1707322 -0.1400088 0.5684502
1403638589.227829 6.4879169 7.4998250 1.2185059 -0.7921365 0.1725472 -0.1402842 0.5683903
1403638589.477829 6.2420263 7.4457827 1.1747036 -0.7917843 0.1728790 -0.1402728 0.5687828
1403638589.727829 5.9960775 7.3833694 1.1677074 -0.7932671 0.1734373 -0.1395408 0.5667233
1403638590.127830 5.6086702 7.2738247 1.1636620 -0.7936801 0.1761275 -0.1402325 0.5651424
1403638592.077830 4.1300769 7.0386662 1.0571775 -0.8117597 0.1879070 -0.1276800 0.5379917
1403638595.027829 3.8603532 8.2034893 2.1566057 -0.8047878 0.0870487 -0.0740006 0.5824630
1403638595.427830 3.7640543 8.2055731 2.2009230 -0.8063742 0.0892980 -0.0746627 0.5798379
1403638595.827830 3.6690116 8.1821489 2.2134314 -0.8084643 0.0834859 -0.0822020 0.5767655
1403638596.277829 3.5276313 8.1383848 2.1476355 -0.8093153 0.0599481 -0.1157850 0.5727206
1403638596.727829 3.1975050 8.1041107 2.1885738 -0.8071316 0.0336232 -0.1475295 0.5706515
1403638596.927830 2.9388657 8.1014242 2.2575436 -0.8049535 0.0284043 -0.1538068 0.5723519
1403638597.327830 2.2195048 8.1109123 2.3601665 -0.7983953 0.0327918 -0.1541642 0.5811394
1403638597.727829 1.2699752 8.1051388 2.3756866 -0.7902970 0.0566882 -0.1249976 0.5971538
1403638597.827830 1.0125785 8.0934458 2.3640308 -0.7919146 0.0466676 -0.1303076 0.5947381
1403638597.927830 0.7464594 8.0773191 2.3478479 -0.7934107 0.0350313 -0.1344047 0.5926278
1403638598.027829 0.4698558 8.0584850 2.3331108 -0.7937089 0.0282962 -0.1318649 0.5931587
1403638598.327830 -0.4175097 7.9789119 2.3290596 -0.8002658 0.0487276 -0.0809135 0.5921599
1403638598.627830 -1.3070304 7.8714590 2.2918682 -0.8071707 0.0464712 -0.0657106 0.5848060
1403638598.727829 -1.5986390 7.8323212 2.2687454 -0.8079673 0.0361594 -0.0594428 0.5851051
1403638598.827830 -1.8881764 7.7913947 2.2494316 -0.8078292 0.0235261 -0.0503178 0.5867936
1403638598.927830 -2.1746638 7.7489915 2.2351351 -0.8088227 0.0079124 -0.0409117 0.5865744
1403638599.127830 -2.7419217 7.6596570 2.2234097 -0.8085675 -0.0257062 -0.0173739 0.5875847
1403638599.227829 -3.0231314 7.6113429 2.2255440 -0.8083241 -0.0440768 -0.0060329 0.5870546
1403638599.327830 -3.3031988 7.5619121 2.2343092 -0.8086854 -0.0619480 0.0070180 0.5849282
1403638599.527829 -3.8556173 7.4593072 2.2677240 -0.8112035 -0.0894439 0.0225899 0.5774413
1403638599.627830 -4.1287193 7.4106188 2.2804270 -0.8124477 -0.0948238 0.0283215 0.5745740
1403638599.727829 -4.3990140 7.3621721 2.2843790 -0.8133945 -0.0980734 0.0305119 0.5725733
1403638599.827830 -4.6723471 7.2982087 2.2862139 -0.8142347 -0.0974726 0.0306253 0.5714745
1403638600.127830 -5.4578166 7.2035680 2.2495775 -0.8190295 -0.0782102 0.0478767 0.5663761
1403638600.527829 -6.4153886 7.1171026 2.1798697 -0.8290207 -0.0471337 0.0768711 0.5519003
1403638600.877830 -7.0785227 7.1382318 2.1958609 -0.8373885 -0.0543677 0.0660235 0.5398755
1403638601.027829 -7.3208332 7.1816568 2.2098608 -0.8376968 -0.0730340 0.0433146 0.5394942
1403638601.177830 -7.5558567 7.2439408 2.2144146 -0.8350604 -0.0824915 0.0323001 0.5429788
1403638601.477829 -8.0299568 7.4090657 2.2152052 -0.8173190 -0.0965349 0.0409438 0.5665635
1403638601.577830 -8.1910295 7.4675298 2.2252769 -0.8110086 -0.1101479 0.0523320 0.5721834
1403638601.677830 -8.3516569 7.5253954 2.2396307 -0.8063226 -0.1297842 0.0637593 0.5735283
1403638601.877830 -8.6733599 7.6321435 2.2877731 -0.7928224 -0.1830294 0.0904944 0.5742331
1403638601.977829 -8.8346519 7.6803184 2.3173008 -0.7873124 -0.2059362 0.1051049 0.5715613
1403638602.277829 -9.3196373 7.8108616 2.3717823 -0.7689810 -0.2541642 0.1303545 0.5719061
1403638603.027829 -10.2756672 7.7879462 2.6443501 -0.6868758 -0.3442752 0.2966240 0.5671775
1403638603.677830 -10.4268761 7.4594965 2.7725582 -0.6881171 -0.4125923 0.3050410 0.5130423
1403638604.027829 -10.4003515 7.2671824 2.7278547 -0.6612347 -0.4261926 0.2877035 0.5462192
1403638604.477829 -10.2764015 6.8640547 2.6937828 -0.6785786 -0.4247803 0.2914069 0.5236171
1403638604.777829 -10.1536455 6.5391440 2.7040396 -0.6892661 -0.4226962 0.2942432 0.5095696
1403638605.227829 -9.9548092 6.0650606 2.7413645 -0.7091423 -0.4310980 0.2822787 0.4812385
1403638605.677830 -9.8331518 5.6497440 2.7779484 -0.6781290 -0.4467266 0.2610900 0.5219276
1403638606.577830 -9.8427839 4.4583974 2.8170567 -0.7059852 -0.4412065 0.2616873 0.4883046
1403638606.727829 -9.8832369 4.2277908 2.7819014 -0.7094286 -0.4481149 0.2673397 0.4737442
1403638606.877830 -9.9392128 4.0038390 2.7395515 -0.7032905 -0.4649565 0.2780649 0.4603019
1403638607.327830 -10.2250557 3.4093018 2.6916904 -0.6564186 -0.5008454 0.3398982 0.4502640
1403638607.777829 -10.5581026 2.9280474 2.5725822 -0.6449449 -0.5024832 0.3543285 0.4538811
1403638608.227829 -10.8670120 2.5478568 2.3645029 -0.6457838 -0.4946920 0.3543633 0.4611613
1403638608.377830 -10.9626522 2.4410875 2.2752323 -0.6379692 -0.4920999 0.3553634 0.4738670
1403638608.827830 -11.1814327 2.1376824 1.9735060 -0.6386803 -0.4891492 0.3588754 0.4733170
1403638609.277829 -11.2942657 1.8728021 1.7750883 -0.6484565 -0.4850475 0.3655362 0.4589298
1403638609.727829 -11.3405666 1.6893841 1.5202579 -0.6463604 -0.4916497 0.3548445 0.4632325
1403638610.177830 -11.3415480 1.5647961 1.3026686 -0.6416532 -0.4864294 0.3612818 0.4702585
1403638610.477829 -11.3002949 1.5070981 1.1585207 -0.6387365 -0.4829046 0.3651543 0.4748487
1403638610.827830 -11.1779022 1.4535036 0.9635572 -0.6377305 -0.4821467 0.3680407 0.4747426
1403638611.227829 -10.9524488 1.4170293 0.7931023 -0.6364265 -0.4828167 0.3714919 0.4731207
1403638611.677830 -10.6016426 1.3926216 0.6390171 -0.6291440 -0.5010728 0.3432049 0.4850919
1403638612.127830 -10.2117081 1.3210016 0.5030575 -0.6488683 -0.4894184 0.3562501 0.4610049
1403638612.477829 -9.9089479 1.2928770 0.4464693 -0.6473697 -0.4889905 0.3536068 0.4655782
1403638612.827830 -9.6032791 1.2779073 0.3454590 -0.6415222 -0.4901138 0.3433464 0.4799492
1403638612.977829 -9.4680662 1.2640283 0.3000441 -0.6418654 -0.4869218 0.3445443 0.4818769
1403638613.427830 -9.0595808 1.1955867 0.2603464 -0.6473542 -0.4870073 0.3420165 0.4762155
1403638613.627830 -8.8768959 1.1583936 0.2473288 -0.6500302 -0.4775558 0.3451254 0.4798850
1403638613.977829 -8.5406790 1.0923412 0.1628580 -0.6604311 -0.4500513 0.3402035 0.4955261
1403638614.177830 -8.3249254 1.0569376 0.0927420 -0.6813172 -0.4272808 0.3139009 0.5046824
1403638614.577830 -7.8700438 0.9765633 0.0180511 -0.7101382 -0.3899419 0.2868676 0.5112300
1403638614.727829 -7.6971016 0.9514465 0.0235314 -0.7219079 -0.3708794 0.2833621 0.5108850
1403638614.927830 -7.4579077 0.9302472 0.0599065 -0.7462857 -0.3386412 0.2666054 0.5072488
1403638615.127830 -7.2131839 0.9375352 0.1151252 -0.7653283 -0.2986152 0.2322835 0.5207167
1403638615.277829 -7.0245433 0.9588571 0.1671457 -0.7712628 -0.2664058 0.1980635 0.5430952
1403638615.477829 -6.7728715 0.9919738 0.2269108 -0.7828915 -0.2160858 0.1574547 0.5617793
1403638615.577830 -6.6484737 1.0076104 0.2479436 -0.7885349 -0.1921479 0.1405975 0.5670312
1403638615.727829 -6.4644508 1.0268432 0.2761621 -0.7937040 -0.1683974 0.1231272 0.5714157
1403638615.977829 -6.1602445 1.0482874 0.3479533 -0.8001142 -0.1394748 0.1068193 0.5735449
1403638616.277829 -5.7901258 1.0665085 0.3760169 -0.8071935 -0.0956700 0.0774339 0.5773128
1403638616.427830 -5.6022081 1.0742245 0.3383952 -0.8109325 -0.0676187 0.0578417 0.5783343
1403638617.327830 -4.4745989 1.2166970 0.0851524 -0.8300879 -0.0420798 0.0243518 0.5555091
1403638617.477829 -4.2893357 1.2780002 0.0923308 -0.8348770 -0.0477038 0.0234441 0.5478641
1403638617.927830 -3.7881601 1.5405508 0.2196169 -0.8309065 -0.0601510 0.0228769 0.5526781
1403638618.077830 -3.6405766 1.6510119 0.2786176 -0.8300513 -0.0619770 0.0243048 0.5536993
1403638618.977829 -2.9170492 2.4637949 0.4723706 -0.8228933 -0.0477702 0.0117190 0.5660630
1403638619.127830 -2.8229184 2.6200714 0.4986515 -0.8192012 -0.0251721 -0.0066200 0.5729153
1403638619.427830 -2.6524448 2.9300089 0.4952457 -0.8138300 0.0452364 -0.0489523 0.5772678
1403638619.577830 -2.5771928 3.0780332 0.4758234 -0.8107442 0.0713103 -0.0604772 0.5778851
1403638622.427830 -0.8771412 4.3974643 0.1220355 -0.7971848 0.0779168 -0.0688185 0.5947179
1403638624.377830 -0.5626490 3.1310973 0.2537289 -0.8046900 0.0937837 -0.0695512 0.5821008
1403638624.677830 -0.5373338 2.8448915 0.2218530 -0.7922003 0.0982058 -0.0666076 0.5986133
1403638625.077830 -0.5067425 2.4129040 0.2149622 -0.8061706 0.0756879 -0.0596248 0.5837852
1403638625.477829 -0.4737651 1.9765241 0.2067862 -0.8072590 0.0729527 -0.0493099 0.5835919
1403638625.877830 -0.4194111 1.5508468 0.2501016 -0.8166437 0.0726525 -0.0504978 0.5703198
1403638626.277829 -0.3421565 1.1629654 0.2432083 -0.8173411 0.0734756 -0.0533953 0.5689498
1403638626.677830 -0.2604204 0.8133177 0.1808580 -0.8175488 0.0653825 -0.0632012 0.5686340
1403638627.077830 -0.2008502 0.5277921 0.1683322 -0.8254168 0.0658506 -0.0598110 0.5574707
1403638627.477829 -0.1498045 0.3245612 0.1384672 -0.8248298 0.0622297 -0.0625715 0.5584516
1403638627.877830 -0.1155450 0.1900431 0.0806540 -0.8179609 0.0607895 -0.0675963 0.5680452
1403638628.277829 -0.1139101 0.0972926 0.0247204 -0.8220066 0.0616674 -0.0708414 0.5616795
1403638628.627830 -0.1398494 0.0617486 0.0134283 -0.8109914 0.0771089 -0.0514256 0.5776699
1403638628.977829 -0.1484229 0.0285215 -0.0107032 -0.8120029 0.0724195 -0.0595719 0.5760712
1403638629.427830 -0.1589904 -0.0131835 -0.0328610 -0.8191848 0.0659972 -0.0685195 0.5655842
1403638629.827830 -0.1870752 -0.0104403 -0.0253088 -0.8161854 0.0858210 -0.0441041 0.5696762
1403638630.177830 -0.1785077 0.0043450 -0.0849743 -0.8044236 0.0707747 -0.0668920 0.5860196
1403638630.327830 -0.1778624 -0.0010994 -0.1390193 -0.8132318 0.0686740 -0.0711447 0.5734774
1403638630.427830 -0.1844564 0.0058652 -0.1383341 -0.8202132 0.0744744 -0.0572610 0.5642916
1403638630.527829 -0.1875409 0.0171720 -0.1298244 -0.8098081 0.0681940 -0.0649796 0.5790837
1403638630.677830 -0.1930557 0.0266547 -0.1532992 -0.8282360 0.0646453 -0.0634232 0.5530133
1403638630.777829 -0.1888484 0.0254501 -0.1587748 -0.8343849 0.0580473 -0.0669130 0.5440175
1403638630.877830 -0.1893219 0.0174222 -0.1618975 -0.8331956 0.0592587 -0.0618938 0.5462992
1403638630.977829 -0.1906754 0.0114923 -0.1637090 -0.8330607 0.0595243 -0.0620795 0.5464548
1403638631.477829 -0.1973002 -0.0218168 -0.1686378 -0.8331702 0.0597114 -0.0621337 0.5462613
