0.041996
0.040646
0.042991
0.041718
0.036501
0.039789
0.040010
0.042340
0.036235
0.045707
0.038398
0.046371
0.040234
0.042308
0.039942
0.042510
0.039137
0.040730
0.038364
0.036823
0.039898
0.038768
0.037226
0.038964
0.037370
0.040414
0.039473
0.038251
0.039749
0.039281
0.039106
0.043198
0.041139
0.038100
0.039087
0.037112
0.035443
0.040155
0.038178
0.042810
0.043791
0.045474
0.041400
0.041386
0.038988
0.036831
0.036390
0.040272
0.039358
0.039796
0.039714
0.043951
0.037350
0.041662
0.042109
0.039653
0.040358
0.039071
0.039400
0.041536
0.041470
0.040078
0.044556
0.037280
0.037971
0.039739
0.037462
0.038829
0.042174
0.041847
0.040821
0.043380
0.036998
0.038131
0.040077
0.038899
0.040589
0.041023
0.041234
0.037991
0.041675
0.043727
0.039011
0.045016
0.038589
0.040427
0.038257
0.038653
0.043728
0.040278
0.041692
0.038450
0.042158
0.041403
0.036810
0.037987
0.043046
0.043035
0.038787
0.044204
