0.043455
0.040939
0.040972
0.041808
0.041813
0.042234
0.044801
0.041381
0.040070
0.041058
0.046007
0.039603
0.043175
0.041546
0.039888
0.042152
0.041834
0.040948
0.043442
0.041804
0.040560
0.042564
0.038752
0.040656
0.044405
0.042851
0.043676
0.041686
0.039694
0.043040
0.043870
0.039447
0.039510
0.041924
0.044271
0.045070
0.038770
0.039163
0.038298
0.038908
0.039124
0.040754
0.037567
0.043055
0.043409
0.039106
0.041504
0.043499
0.039558
0.040611
0.039464
0.040512
0.041102
0.039608
0.044846
0.048128
0.043039
0.041623
0.038822
0.041386
0.039318
0.047293
0.045621
0.045194
0.047582
0.043388
0.042807
0.045692
0.040112
0.046265
0.041719
0.043765
0.039651
0.043324
0.041484
0.039605
0.043199
0.044334
0.038281
0.043920
0.044740
0.043933
0.041659
0.038334
0.040582
0.036191
0.041747
0.042627
0.039225
0.043827
0.040303
0.044179
0.042772
0.038653
0.043156
0.042665
0.045269
0.047700
0.042806
0.039230
